1.346305594252443143e+03 1.000000000000000142e+02
1.346259025821753539e+03 7.742636826811278183e+01
1.345966374046608507e+03 5.994842503189409655e+01
1.343668874577044107e+03 4.641588833612782139e+01
1.342602223135092345e+03 3.593813663804625946e+01
1.337552098040837336e+03 2.782559402207126098e+01
1.337552089409803330e+03 2.154434690031882482e+01
1.332621120583672109e+03 1.668100537200059108e+01
1.329349114357809867e+03 1.291549665014882642e+01
1.320008113246943594e+03 1.000000000000000000e+01
1.310834921472256610e+03 7.742636826811279072e+00
1.304778974571431263e+03 5.994842503189408589e+00
1.299391259596159671e+03 4.641588833612782850e+00
1.298471323502630639e+03 3.593813663804625858e+00
1.290891459764494812e+03 2.782559402207125832e+00
1.284844182210682902e+03 2.154434690031886923e+00
1.278635022129682284e+03 1.668100537200059241e+00
1.273944532008378474e+03 1.291549665014882775e+00
1.257886877414325909e+03 1.000000000000000000e+00
1.240507591947756055e+03 7.742636826811277739e-01
1.224541992617000460e+03 5.994842503189409255e-01
1.218266797716877591e+03 4.641588833612782516e-01
1.207861106151901140e+03 3.593813663804625858e-01
1.190880867383703617e+03 2.782559402207125943e-01
1.175799300382606589e+03 2.154434690031886701e-01
1.159304492150857413e+03 1.668100537200059297e-01
1.145847707445720062e+03 1.291549665014882775e-01
1.137529393071977893e+03 1.000000000000000056e-01
1.122783662272604261e+03 7.742636826811277739e-02
1.110522904574431323e+03 5.994842503189415361e-02
1.104232577005251187e+03 4.641588833612782239e-02
1.092711336118346480e+03 3.593813663804629188e-02
1.082764350054740362e+03 2.782559402207125665e-02
1.072278067875404759e+03 2.154434690031884272e-02
1.054573405961790513e+03 1.668100537200059227e-02
1.044434363920474425e+03 1.291549665014883955e-02
1.039573853366582625e+03 1.000000000000000021e-02
1.031379936979205013e+03 7.742636826811278086e-03
1.022250648061469519e+03 5.994842503189407902e-03
1.010464143997219935e+03 4.641588833612782412e-03
1.004560897801998181e+03 3.593813663804625805e-03
9.981241221996207287e+02 2.782559402207125665e-03
9.905001588102750247e+02 2.154434690031886875e-03
9.815863211321959625e+02 1.668100537200059011e-03
9.733941325309515378e+02 1.291549665014885516e-03
9.670642056923725249e+02 1.000000000000000021e-03
9.620617552377378843e+02 7.742636826811277436e-04
9.553269030241951896e+02 5.994842503189409854e-04
9.504306646930401712e+02 4.641588833612782738e-04
9.448809623193748166e+02 3.593813663804633286e-04
9.380183805904707697e+02 2.782559402207125773e-04
9.341620142121513481e+02 2.154434690031886929e-04
9.282841527008079083e+02 1.668100537200059119e-04
9.244675176467638948e+02 1.291549665014885462e-04
9.203576560577064356e+02 1.000000000000000048e-04
9.155401600421362218e+02 7.742636826811278249e-05
9.122428743499586972e+02 5.994842503189421780e-05
9.089627132515721541e+02 4.641588833612782467e-05
9.046962647415183483e+02 3.593813663804633015e-05
9.008470822177600894e+02 2.782559402207125977e-05
8.950462715093436827e+02 2.154434690031886725e-05
8.907541091116491998e+02 1.668100537200059254e-05
8.870984239775287961e+02 1.291549665014885394e-05
8.843253673806174220e+02 1.000000000000000082e-05
8.800309915656930571e+02 7.742636826811276894e-06
8.762992966733459070e+02 5.994842503189420594e-06
8.736488120554993202e+02 4.641588833612781958e-06
8.708486288910067969e+02 3.593813663804633354e-06
8.667136211631952847e+02 2.782559402207125977e-06
8.655748300236585919e+02 2.154434690031886471e-06
8.644783808942800079e+02 1.668100537200059127e-06
8.628677237411645820e+02 1.291549665014885436e-06
8.587550363549548820e+02 9.999999999999999547e-07
8.577169257220830332e+02 7.742636826811277952e-07
8.559129333052577522e+02 5.994842503189421865e-07
8.532986058428525666e+02 4.641588833612792123e-07
8.514204644713308880e+02 3.593813663804625943e-07
8.501066675828942607e+02 2.782559402207125871e-07
8.477905578548508174e+02 2.154434690031886418e-07
8.461672306010347029e+02 1.668100537200062516e-07
8.433245590440612887e+02 1.291549665014882948e-07
8.417499218741623963e+02 1.000000000000000087e-07
8.396159962074019631e+02 7.742636826811278747e-08
8.372260925480459264e+02 5.994842503189421335e-08
8.356226648454877477e+02 4.641588833612791329e-08
8.334303576470264261e+02 3.593813663804625943e-08
8.324593912249129062e+02 2.782559402207126334e-08
8.316991225426683059e+02 2.154434690031887213e-08
8.309561603151788631e+02 1.668100537200062516e-08
8.293390008985558097e+02 1.291549665014887977e-08
8.288257418873428151e+02 1.000000000000000021e-08
8.279215511073897460e+02 7.742636826811278085e-09
8.273764515149041472e+02 5.994842503189421004e-09
8.269494260969102015e+02 4.641588833612791825e-09
8.265365483365894761e+02 3.593813663804626108e-09
8.262963240639810465e+02 2.782559402207126086e-09
8.261049843054477151e+02 2.154434690031886964e-09
8.259572402024907660e+02 1.668100537200062474e-09
8.258362674997991917e+02 1.291549665014888019e-09
8.251363418641266207e+02 1.000000000000000062e-09
