6.271080522775956752e+02 1.000000000000000142e+02
6.271080522775956752e+02 7.742636826811278183e+01
6.271080522775956752e+02 5.994842503189409655e+01
6.271080522775956752e+02 4.641588833612782139e+01
6.271080522775956752e+02 3.593813663804625946e+01
6.271080522775956752e+02 2.782559402207126098e+01
6.271080522775956752e+02 2.154434690031882482e+01
6.271080522775956752e+02 1.668100537200059108e+01
6.271080522775956752e+02 1.291549665014882642e+01
6.262551341097400837e+02 1.000000000000000000e+01
6.247809777591796774e+02 7.742636826811279072e+00
6.224436185524319853e+02 5.994842503189408589e+00
6.192828886043115517e+02 4.641588833612782850e+00
6.176789049221609957e+02 3.593813663804625858e+00
6.165839928689701992e+02 2.782559402207125832e+00
6.147429329157109805e+02 2.154434690031886923e+00
6.112881113675258575e+02 1.668100537200059241e+00
6.072640604991665896e+02 1.291549665014882775e+00
6.047279558824735659e+02 1.000000000000000000e+00
6.032138460061580645e+02 7.742636826811277739e-01
6.012560214317549026e+02 5.994842503189409255e-01
5.979631767658647732e+02 4.641588833612782516e-01
5.953349844409315210e+02 3.593813663804625858e-01
5.929042812285055106e+02 2.782559402207125943e-01
5.901360972151835540e+02 2.154434690031886701e-01
5.856830389123963414e+02 1.668100537200059297e-01
5.798210208107454946e+02 1.291549665014882775e-01
5.752981306184484538e+02 1.000000000000000056e-01
5.721890719332689059e+02 7.742636826811277739e-02
5.689984860197001808e+02 5.994842503189415361e-02
5.661195135080254204e+02 4.641588833612782239e-02
5.632103685474047552e+02 3.593813663804629188e-02
5.603214877932796298e+02 2.782559402207125665e-02
5.548446304745112911e+02 2.154434690031884272e-02
5.511727158307552372e+02 1.668100537200059227e-02
5.481422144216268180e+02 1.291549665014883955e-02
5.451448403202965665e+02 1.000000000000000021e-02
5.411435786287004248e+02 7.742636826811278086e-03
5.378618483510546184e+02 5.994842503189407902e-03
5.345081193594455726e+02 4.641588833612782412e-03
5.292489874894695276e+02 3.593813663804625805e-03
5.238473983594315087e+02 2.782559402207125665e-03
5.187821113128160277e+02 2.154434690031886875e-03
5.142846724741808657e+02 1.668100537200059011e-03
5.072619465173128219e+02 1.291549665014885516e-03
5.028647152901810955e+02 1.000000000000000021e-03
4.981277442029597751e+02 7.742636826811277436e-04
4.940956769358333531e+02 5.994842503189409854e-04
4.888877460930723373e+02 4.641588833612782738e-04
4.852451455170549934e+02 3.593813663804633286e-04
4.819788651922644362e+02 2.782559402207125773e-04
4.766188827745261847e+02 2.154434690031886929e-04
4.705937038168084996e+02 1.668100537200059119e-04
4.653384115762356146e+02 1.291549665014885462e-04
4.567843908347492174e+02 1.000000000000000048e-04
4.525915308144297455e+02 7.742636826811278249e-05
4.482568477193897820e+02 5.994842503189421780e-05
4.446131956849768017e+02 4.641588833612782467e-05
4.415217046733305892e+02 3.593813663804633015e-05
4.385714638552043994e+02 2.782559402207125977e-05
4.344792556419309335e+02 2.154434690031886725e-05
4.299630172008265276e+02 1.668100537200059254e-05
4.266490012586295961e+02 1.291549665014885394e-05
4.239893535567908316e+02 1.000000000000000082e-05
4.214352240542768868e+02 7.742636826811276894e-06
4.191402061283914122e+02 5.994842503189420594e-06
4.169140485331660102e+02 4.641588833612781958e-06
4.144704676970503670e+02 3.593813663804633354e-06
4.111879529611819066e+02 2.782559402207125977e-06
4.086644385499554346e+02 2.154434690031886471e-06
4.053687179616156868e+02 1.668100537200059127e-06
4.024892812832645177e+02 1.291549665014885436e-06
3.999619286264032780e+02 9.999999999999999547e-07
3.975618949579998116e+02 7.742636826811277952e-07
3.948718696939446318e+02 5.994842503189421865e-07
3.922568253462127927e+02 4.641588833612792123e-07
3.902602778147019649e+02 3.593813663804625943e-07
3.883486897526172470e+02 2.782559402207125871e-07
3.853599336106630631e+02 2.154434690031886418e-07
3.817686746665097530e+02 1.668100537200062516e-07
3.774897291664799468e+02 1.291549665014882948e-07
3.742686158864426602e+02 1.000000000000000087e-07
3.723632677298247700e+02 7.742636826811278747e-08
3.702026487910393371e+02 5.994842503189421335e-08
3.691127465825023819e+02 4.641588833612791329e-08
3.677404304388577998e+02 3.593813663804625943e-08
3.654084333227460775e+02 2.782559402207126334e-08
3.631482914310147407e+02 2.154434690031887213e-08
3.613046127776992194e+02 1.668100537200062516e-08
3.604677484567444026e+02 1.291549665014887977e-08
3.597834875857088264e+02 1.000000000000000021e-08
3.568470292088141491e+02 7.742636826811278085e-09
3.559420955201305787e+02 5.994842503189421004e-09
3.540562599517045328e+02 4.641588833612791825e-09
3.524529485123118775e+02 3.593813663804626108e-09
3.513815507924236954e+02 2.782559402207126086e-09
3.509591692582716860e+02 2.154434690031886964e-09
3.506565616670292229e+02 1.668100537200062474e-09
3.504332887812560102e+02 1.291549665014888019e-09
3.502769915540197303e+02 1.000000000000000062e-09
