5.039713974436456851e+02 1.000000000000000142e+02
5.039676574498708419e+02 7.742636826811278183e+01
5.039591696906594507e+02 5.994842503189409655e+01
5.039417065014031891e+02 4.641588833612782139e+01
5.039090492256528933e+02 3.593813663804625946e+01
5.038533754910110929e+02 2.782559402207126098e+01
5.037665397969371384e+02 2.154434690031882482e+01
5.036420417031105217e+02 1.668100537200059108e+01
5.034769863508279855e+02 1.291549665014882642e+01
5.032731061670950226e+02 1.000000000000000000e+01
5.030359699337928419e+02 7.742636826811279072e+00
5.027722702007372391e+02 5.994842503189408589e+00
5.024855939651695849e+02 4.641588833612782850e+00
5.021714825416456165e+02 3.593813663804625858e+00
5.018128231204431131e+02 2.782559402207125832e+00
5.013772246379242574e+02 2.154434690031886923e+00
5.008181728695930701e+02 1.668100537200059241e+00
5.000813911809035517e+02 1.291549665014882775e+00
4.991156902617775017e+02 1.000000000000000000e+00
4.978846766704089077e+02 7.742636826811277739e-01
4.963740497391282815e+02 5.994842503189409255e-01
4.945908088013882775e+02 4.641588833612782516e-01
4.925551635234155015e+02 3.593813663804625858e-01
4.902903458360799505e+02 2.782559402207125943e-01
4.878164269030324931e+02 2.154434690031886701e-01
4.840220516971555185e+02 1.668100537200059297e-01
4.797591332864412266e+02 1.291549665014882775e-01
4.755503790236845134e+02 1.000000000000000056e-01
4.714077861843675805e+02 7.742636826811277739e-02
4.673373698636341373e+02 5.994842503189415361e-02
4.633420028229539298e+02 4.641588833612782239e-02
4.594229571692853256e+02 3.593813663804629188e-02
4.555807805452293451e+02 2.782559402207125665e-02
4.517428690460547500e+02 2.154434690031884272e-02
4.472938929791253031e+02 1.668100537200059227e-02
4.429518854046761476e+02 1.291549665014883955e-02
4.387173376193867966e+02 1.000000000000000021e-02
4.345915028028330767e+02 7.742636826811278086e-03
4.305772336574009387e+02 5.994842503189407902e-03
4.266802737685181910e+02 4.641588833612782412e-03
4.229107807941553006e+02 3.593813663804625805e-03
4.192843963791042938e+02 2.782559402207125665e-03
4.158217797223700245e+02 2.154434690031886875e-03
4.125456574244303170e+02 1.668100537200059011e-03
4.094754271554365914e+02 1.291549665014885516e-03
4.066208824907766370e+02 1.000000000000000021e-03
4.039777067337734593e+02 7.742636826811277436e-04
4.015270130403335997e+02 5.994842503189409854e-04
3.992393441486034362e+02 4.641588833612782738e-04
3.970813468336048686e+02 3.593813663804633286e-04
3.950222706070637173e+02 2.782559402207125773e-04
3.930380637625481199e+02 2.154434690031886929e-04
3.911124544913311638e+02 1.668100537200059119e-04
3.892358187072680948e+02 1.291549665014885462e-04
3.874031475716690238e+02 1.000000000000000048e-04
3.856121374928639511e+02 7.742636826811278249e-05
3.838618495611363528e+02 5.994842503189421780e-05
3.821519439250164965e+02 4.641588833612782467e-05
3.804823086574423883e+02 3.593813663804633015e-05
3.788529055649906354e+02 2.782559402207125977e-05
3.766959118126182489e+02 2.154434690031886725e-05
3.741332004722300439e+02 1.668100537200059254e-05
3.718339382885128543e+02 1.291549665014885394e-05
3.697114306015826628e+02 1.000000000000000082e-05
3.677088038956862306e+02 7.742636826811276894e-06
3.657925988944715527e+02 5.994842503189420594e-06
3.639451637328500055e+02 4.641588833612781958e-06
3.621581480696104904e+02 3.593813663804633354e-06
3.604280101061183927e+02 2.782559402207125977e-06
3.587534030156710401e+02 2.154434690031886471e-06
3.571338676775974932e+02 1.668100537200059127e-06
3.555692633221000278e+02 1.291549665014885436e-06
3.538479251633847298e+02 9.999999999999999547e-07
3.514079384208988586e+02 7.742636826811277952e-07
3.488666848024832916e+02 5.994842503189421865e-07
3.463837812888436360e+02 4.641588833612792123e-07
3.440022207757607475e+02 3.593813663804625943e-07
3.417220032632345692e+02 2.782559402207125871e-07
3.395431287512651011e+02 2.154434690031886418e-07
3.374655972398523431e+02 1.668100537200062516e-07
3.354894087289963522e+02 1.291549665014882948e-07
3.332528946345473173e+02 1.000000000000000087e-07
3.309808590451775672e+02 7.742636826811278747e-08
3.288386540609147914e+02 5.994842503189421335e-08
3.268262796817588196e+02 4.641588833612791329e-08
3.248769972053300990e+02 3.593813663804625943e-08
3.226671511859354951e+02 2.782559402207126334e-08
3.200795034599033215e+02 2.154434690031887213e-08
3.176124302150038829e+02 1.668100537200062516e-08
3.153598579195048615e+02 1.291549665014887977e-08
3.133217142558667092e+02 1.000000000000000021e-08
3.114977856153929565e+02 7.742636826811278085e-09
3.098875060638715695e+02 5.994842503189421004e-09
3.084895305504311409e+02 4.641588833612791825e-09
3.073009910137839142e+02 3.593813663804626108e-09
3.063164001049458989e+02 2.782559402207126086e-09
3.055263366722696219e+02 2.154434690031886964e-09
3.049162846159991318e+02 1.668100537200062474e-09
3.044661700550386740e+02 1.291549665014888019e-09
3.041510773487606230e+02 1.000000000000000062e-09
