9.830589914625049914e+02 1.000000000000000142e+02
9.824142781481782549e+02 7.742636826811278183e+01
9.820398258149992898e+02 5.994842503189409655e+01
9.812668903730562988e+02 4.641588833612782139e+01
9.801849341741906301e+02 3.593813663804625946e+01
9.797988113413362044e+02 2.782559402207126098e+01
9.782414984470178752e+02 2.154434690031882482e+01
9.773254319270953374e+02 1.668100537200059108e+01
9.757980240905569644e+02 1.291549665014882642e+01
9.746226039612009799e+02 1.000000000000000000e+01
9.709108327578026092e+02 7.742636826811279072e+00
9.655800214293075214e+02 5.994842503189408589e+00
9.594413155699294293e+02 4.641588833612782850e+00
9.552697064778543563e+02 3.593813663804625858e+00
9.515322026692967938e+02 2.782559402207125832e+00
9.485420399672896110e+02 2.154434690031886923e+00
9.445061200683331890e+02 1.668100537200059241e+00
9.421526662372637020e+02 1.291549665014882775e+00
9.359390031888492558e+02 1.000000000000000000e+00
9.312210743655560918e+02 7.742636826811277739e-01
9.277595580127259609e+02 5.994842503189409255e-01
9.214512900592767437e+02 4.641588833612782516e-01
9.164885854203675990e+02 3.593813663804625858e-01
9.127117392929549169e+02 2.782559402207125943e-01
9.067135282116007602e+02 2.154434690031886701e-01
9.003427142539856050e+02 1.668100537200059297e-01
8.926303356809246452e+02 1.291549665014882775e-01
8.864916743091151830e+02 1.000000000000000056e-01
8.817592324462135593e+02 7.742636826811277739e-02
8.774128164959874994e+02 5.994842503189415361e-02
8.728661837160434516e+02 4.641588833612782239e-02
8.671416450547023942e+02 3.593813663804629188e-02
8.584254838026536163e+02 2.782559402207125665e-02
8.527662773265507212e+02 2.154434690031884272e-02
8.446217486712874916e+02 1.668100537200059227e-02
8.386500826435392355e+02 1.291549665014883955e-02
8.325490740154016294e+02 1.000000000000000021e-02
8.236853519735087730e+02 7.742636826811278086e-03
8.158552507550051587e+02 5.994842503189407902e-03
8.084748246389021915e+02 4.641588833612782412e-03
8.031532143539834578e+02 3.593813663804625805e-03
7.979890070966919211e+02 2.782559402207125665e-03
7.923123439362915406e+02 2.154434690031886875e-03
7.870495784081530246e+02 1.668100537200059011e-03
7.825165501886531274e+02 1.291549665014885516e-03
7.747296959970782382e+02 1.000000000000000021e-03
7.680096812791603043e+02 7.742636826811277436e-04
7.655529952682970816e+02 5.994842503189409854e-04
7.593133824100945048e+02 4.641588833612782738e-04
7.537193285196601664e+02 3.593813663804633286e-04
7.490158616487606196e+02 2.782559402207125773e-04
7.447702303064377247e+02 2.154434690031886929e-04
7.406879669945435580e+02 1.668100537200059119e-04
7.371227864118357047e+02 1.291549665014885462e-04
7.334345389902667876e+02 1.000000000000000048e-04
7.287555936785997801e+02 7.742636826811278249e-05
7.237132629877330601e+02 5.994842503189421780e-05
7.202610773036591354e+02 4.641588833612782467e-05
7.162079088014489798e+02 3.593813663804633015e-05
7.130253425661607025e+02 2.782559402207125977e-05
7.082849142852102204e+02 2.154434690031886725e-05
7.040708392483822990e+02 1.668100537200059254e-05
7.001846589965690555e+02 1.291549665014885394e-05
6.955755412289515789e+02 1.000000000000000082e-05
6.925360645869963037e+02 7.742636826811276894e-06
6.875394485078682010e+02 5.994842503189420594e-06
6.841628791389873641e+02 4.641588833612781958e-06
6.799625610851329611e+02 3.593813663804633354e-06
6.767259083615022064e+02 2.782559402207125977e-06
6.741840778689094122e+02 2.154434690031886471e-06
6.716671657177721499e+02 1.668100537200059127e-06
6.688534069680390530e+02 1.291549665014885436e-06
6.644984033672727719e+02 9.999999999999999547e-07
6.606412906046560920e+02 7.742636826811277952e-07
6.574280095881465513e+02 5.994842503189421865e-07
6.555013181753688514e+02 4.641588833612792123e-07
6.523230966354567499e+02 3.593813663804625943e-07
6.490070619616299155e+02 2.782559402207125871e-07
6.466300536179119263e+02 2.154434690031886418e-07
6.441445478140190062e+02 1.668100537200062516e-07
6.419059219845744337e+02 1.291549665014882948e-07
6.397820974797167537e+02 1.000000000000000087e-07
6.376466535730708074e+02 7.742636826811278747e-08
6.358788524437620708e+02 5.994842503189421335e-08
6.347899441953775295e+02 4.641588833612791329e-08
6.325361438679919956e+02 3.593813663804625943e-08
6.317347820389705930e+02 2.782559402207126334e-08
6.304385767585237090e+02 2.154434690031887213e-08
6.291209007437699938e+02 1.668100537200062516e-08
6.281093840213549129e+02 1.291549665014887977e-08
6.271579022539206107e+02 1.000000000000000021e-08
6.259786306768904751e+02 7.742636826811278085e-09
6.252492807892668907e+02 5.994842503189421004e-09
6.248206949536881893e+02 4.641588833612791825e-09
6.243419499653780349e+02 3.593813663804626108e-09
6.238494795670171698e+02 2.782559402207126086e-09
6.234538002191802661e+02 2.154434690031886964e-09
6.231482741186318890e+02 1.668100537200062474e-09
6.229228478698440767e+02 1.291549665014888019e-09
6.227650432286320665e+02 1.000000000000000062e-09
