2.505751423120816526e+03 1.000000000000000142e+02
2.505730033570735941e+03 7.742636826811278183e+01
2.505670649588073502e+03 5.994842503189409655e+01
2.505522148435583404e+03 4.641588833612782139e+01
2.505186292629658510e+03 3.593813663804625946e+01
2.504497384955168855e+03 2.782559402207126098e+01
2.503207680578049349e+03 2.154434690031882482e+01
2.500995772948869671e+03 1.668100537200059108e+01
2.486534851415243338e+03 1.291549665014882642e+01
2.441063668524088826e+03 1.000000000000000000e+01
2.389545916526307337e+03 7.742636826811279072e+00
2.346277021862091715e+03 5.994842503189408589e+00
2.336830124129863634e+03 4.641588833612782850e+00
2.326142552192097810e+03 3.593813663804625858e+00
2.291595822857366784e+03 2.782559402207125832e+00
2.248467676481610397e+03 2.154434690031886923e+00
2.185589506429555968e+03 1.668100537200059241e+00
2.155909731889648810e+03 1.291549665014882775e+00
2.108568806922980457e+03 1.000000000000000000e+00
2.025695306620945985e+03 7.742636826811277739e-01
1.940777322020459678e+03 5.994842503189409255e-01
1.874839990438966424e+03 4.641588833612782516e-01
1.829004190163389467e+03 3.593813663804625858e-01
1.799740422420396044e+03 2.782559402207125943e-01
1.757520988388863998e+03 2.154434690031886701e-01
1.726243781090086259e+03 1.668100537200059297e-01
1.695000144292509049e+03 1.291549665014882775e-01
1.664625617818776163e+03 1.000000000000000056e-01
1.633816873016559157e+03 7.742636826811277739e-02
1.598750222793416924e+03 5.994842503189415361e-02
1.559542638879138849e+03 4.641588833612782239e-02
1.527737003362895848e+03 3.593813663804629188e-02
1.489706412171323791e+03 2.782559402207125665e-02
1.454728154544274958e+03 2.154434690031884272e-02
1.430837117061354547e+03 1.668100537200059227e-02
1.415285570256341771e+03 1.291549665014883955e-02
1.373359169980333945e+03 1.000000000000000021e-02
1.362449065417328029e+03 7.742636826811278086e-03
1.327496618968343228e+03 5.994842503189407902e-03
1.314986503375918801e+03 4.641588833612782412e-03
1.296331006302762944e+03 3.593813663804625805e-03
1.290310151902056987e+03 2.782559402207125665e-03
1.278776886892706443e+03 2.154434690031886875e-03
1.248258692098176198e+03 1.668100537200059011e-03
1.238887612663834716e+03 1.291549665014885516e-03
1.220230230224727620e+03 1.000000000000000021e-03
1.207319616489789041e+03 7.742636826811277436e-04
1.198747657340651131e+03 5.994842503189409854e-04
1.193658788635051451e+03 4.641588833612782738e-04
1.188806524167126781e+03 3.593813663804633286e-04
1.175112034080548938e+03 2.782559402207125773e-04
1.172610492941845450e+03 2.154434690031886929e-04
1.168840054347532032e+03 1.668100537200059119e-04
1.159872674789871780e+03 1.291549665014885462e-04
1.156968774574521376e+03 1.000000000000000048e-04
1.150944140781179840e+03 7.742636826811278249e-05
1.148656700102697641e+03 5.994842503189421780e-05
1.146421844267398910e+03 4.641588833612782467e-05
1.144239573275283647e+03 3.593813663804633015e-05
1.142109887126351850e+03 2.782559402207125977e-05
1.140032785820603522e+03 2.154434690031886725e-05
1.138008269358038660e+03 1.668100537200059254e-05
1.136036337738657494e+03 1.291549665014885394e-05
1.134116990962459795e+03 1.000000000000000082e-05
1.127442794379196357e+03 7.742636826811276894e-06
1.118356839581480017e+03 5.994842503189420594e-06
1.108318930373004832e+03 4.641588833612781958e-06
1.098580660245379704e+03 3.593813663804633354e-06
1.095423855890962159e+03 2.782559402207125977e-06
1.091840301222280459e+03 2.154434690031886471e-06
1.088377249529002029e+03 1.668100537200059127e-06
1.081801921135560178e+03 1.291549665014885436e-06
1.070607618866027224e+03 9.999999999999999547e-07
1.061549206591961820e+03 7.742636826811277952e-07
1.059586355275281903e+03 5.994842503189421865e-07
1.056844070880599702e+03 4.641588833612792123e-07
1.051201964479699427e+03 3.593813663804625943e-07
1.045799947712879884e+03 2.782559402207125871e-07
1.040638020580141301e+03 2.154434690031886418e-07
1.036687715365646909e+03 1.668100537200062516e-07
1.035827345428234594e+03 1.291549665014882948e-07
1.035011097026074140e+03 1.000000000000000087e-07
1.034238970159165774e+03 7.742636826811278747e-08
1.033467212144822042e+03 5.994842503189421335e-08
1.032715964207021898e+03 4.641588833612791329e-08
1.032013183878111931e+03 3.593813663804625943e-08
1.031358871158092597e+03 2.782559402207126334e-08
1.030753026046963669e+03 2.154434690031887213e-08
1.030195647463621981e+03 1.668100537200062516e-08
1.029686730447260516e+03 1.291549665014887977e-08
1.029226258659390851e+03 1.000000000000000021e-08
1.028814183840029500e+03 7.742636826811278085e-09
1.028450378129329010e+03 5.994842503189421004e-09
1.028134537643912381e+03 4.641588833612791825e-09
1.027866014411150218e+03 3.593813663804626108e-09
1.027643568690467418e+03 2.782559402207126086e-09
1.027465071988853424e+03 2.154434690031886964e-09
1.027327244726694971e+03 1.668100537200062474e-09
1.027225551671230050e+03 1.291549665014888019e-09
1.027154363705242758e+03 1.000000000000000062e-09
