3.782117330835938901e+03 1.000000000000000142e+02
3.782115629991540573e+03 7.742636826811278183e+01
3.782106854510966514e+03 5.994842503189409655e+01
3.782075032924600237e+03 4.641588833612782139e+01
3.781975876760861865e+03 3.593813663804625946e+01
3.766051967582256566e+03 2.782559402207126098e+01
3.728960489340210188e+03 2.154434690031882482e+01
3.692285209047563512e+03 1.668100537200059108e+01
3.685239200536839689e+03 1.291549665014882642e+01
3.673991821181287378e+03 1.000000000000000000e+01
3.658528572726469520e+03 7.742636826811279072e+00
3.640883560607070194e+03 5.994842503189408589e+00
3.614155188264267963e+03 4.641588833612782850e+00
3.575921846514239405e+03 3.593813663804625858e+00
3.535913373546212370e+03 2.782559402207125832e+00
3.511469909920421287e+03 2.154434690031886923e+00
3.473810859689219797e+03 1.668100537200059241e+00
3.420297034268437073e+03 1.291549665014882775e+00
3.355348323182145577e+03 1.000000000000000000e+00
3.300884667337794781e+03 7.742636826811277739e-01
3.251724869487330579e+03 5.994842503189409255e-01
3.225046238022680427e+03 4.641588833612782516e-01
3.187623305130641711e+03 3.593813663804625858e-01
3.138194315203605129e+03 2.782559402207125943e-01
3.076228783026233941e+03 2.154434690031886701e-01
3.001963817409045532e+03 1.668100537200059297e-01
2.916359219552695777e+03 1.291549665014882775e-01
2.820998174335487420e+03 1.000000000000000056e-01
2.717922459989241361e+03 7.742636826811277739e-02
2.608343857977206426e+03 5.994842503189415361e-02
2.467482051504142873e+03 4.641588833612782239e-02
2.326473822066784123e+03 3.593813663804629188e-02
2.191478115586207423e+03 2.782559402207125665e-02
2.093452236301666744e+03 2.154434690031884272e-02
2.035456059230083156e+03 1.668100537200059227e-02
1.986665240406096245e+03 1.291549665014883955e-02
1.938744789134663961e+03 1.000000000000000021e-02
1.875451401376856893e+03 7.742636826811278086e-03
1.799878836503298544e+03 5.994842503189407902e-03
1.725715325032562987e+03 4.641588833612782412e-03
1.653055344742459283e+03 3.593813663804625805e-03
1.586070131985871285e+03 2.782559402207125665e-03
1.532532301452822594e+03 2.154434690031886875e-03
1.503544448708435311e+03 1.668100537200059011e-03
1.489204656695706717e+03 1.291549665014885516e-03
1.475687223591757174e+03 1.000000000000000021e-03
1.462448140714217516e+03 7.742636826811277436e-04
1.452636600110012751e+03 5.994842503189409854e-04
1.444738558199788713e+03 4.641588833612782738e-04
1.437072928312414888e+03 3.593813663804633286e-04
1.429655017603767419e+03 2.782559402207125773e-04
1.422510177015151839e+03 2.154434690031886929e-04
1.415674790262634360e+03 1.668100537200059119e-04
1.401271964028102730e+03 1.291549665014885462e-04
1.388561170810326075e+03 1.000000000000000048e-04
1.374838059656766745e+03 7.742636826811278249e-05
1.370401659351951821e+03 5.994842503189421780e-05
1.366349140906690536e+03 4.641588833612782467e-05
1.362611826825209391e+03 3.593813663804633015e-05
1.359132971470031862e+03 2.782559402207125977e-05
1.355856036438954561e+03 2.154434690031886725e-05
1.352733900818574512e+03 1.668100537200059254e-05
1.349732816337343820e+03 1.291549665014885394e-05
1.346831718162985453e+03 1.000000000000000082e-05
1.344019052181045026e+03 7.742636826811276894e-06
1.341289219522066560e+03 5.994842503189420594e-06
1.338639814575008586e+03 4.641588833612781958e-06
1.336069918508797628e+03 3.593813663804633354e-06
1.333579218744275977e+03 2.782559402207125977e-06
1.331167603614531117e+03 2.154434690031886471e-06
1.328835057833302699e+03 1.668100537200059127e-06
1.326581581400590039e+03 1.291549665014885436e-06
1.324407174316394048e+03 9.999999999999999547e-07
1.322311836580714044e+03 7.742636826811277952e-07
1.320295568193550253e+03 5.994842503189421865e-07
1.318358369154902903e+03 4.641588833612792123e-07
1.316500239464771539e+03 3.593813663804625943e-07
1.314721179123156844e+03 2.782559402207125871e-07
1.313021188130057681e+03 2.154434690031886418e-07
1.311400266485475186e+03 1.668100537200062516e-07
1.309858414189408904e+03 1.291549665014882948e-07
1.308395631241858609e+03 1.000000000000000087e-07
1.307015147315787999e+03 7.742636826811278747e-08
1.306055920026550211e+03 5.994842503189421335e-08
1.305154827724538791e+03 4.641588833612791329e-08
1.304311870409753965e+03 3.593813663804625943e-08
1.303527048082195734e+03 2.782559402207126334e-08
1.302800360741864097e+03 2.154434690031887213e-08
1.302131807092018789e+03 1.668100537200062516e-08
1.301521381182366895e+03 1.291549665014887977e-08
1.300969063415534947e+03 1.000000000000000021e-08
1.300474795905574638e+03 7.742636826811278085e-09
1.300038425289636962e+03 5.994842503189421004e-09
1.299659587071583701e+03 4.641588833612791825e-09
1.299337504033775986e+03 3.593813663804626108e-09
1.299070689156240860e+03 2.782559402207126086e-09
1.298856589395475339e+03 2.154434690031886964e-09
1.298691271024949174e+03 1.668100537200062474e-09
1.298569294211654096e+03 1.291549665014888019e-09
1.298483907051278038e+03 1.000000000000000062e-09
