7.781361443801322366e+02 1.000000000000000142e+02
7.781331377515870145e+02 7.742636826811278183e+01
7.781248306885411239e+02 5.994842503189409655e+01
7.779434115666039133e+02 4.641588833612782139e+01
7.778963208283697668e+02 3.593813663804625946e+01
7.778194894620955893e+02 2.782559402207126098e+01
7.775793463746153975e+02 2.154434690031882482e+01
7.764887486493400957e+02 1.668100537200059108e+01
7.763310724369802074e+02 1.291549665014882642e+01
7.760059252123850229e+02 1.000000000000000000e+01
7.745299400380832822e+02 7.742636826811279072e+00
7.739088999197605290e+02 5.994842503189408589e+00
7.729142973191726469e+02 4.641588833612782850e+00
7.716912156902520792e+02 3.593813663804625858e+00
7.689085441161543031e+02 2.782559402207125832e+00
7.660219090717607742e+02 2.154434690031886923e+00
7.638417850575769990e+02 1.668100537200059241e+00
7.620604573894447640e+02 1.291549665014882775e+00
7.591057484115079887e+02 1.000000000000000000e+00
7.564680758218617029e+02 7.742636826811277739e-01
7.506760617518079926e+02 5.994842503189409255e-01
7.468092898043385048e+02 4.641588833612782516e-01
7.422128500154791482e+02 3.593813663804625858e-01
7.406372458530187259e+02 2.782559402207125943e-01
7.383597103283600518e+02 2.154434690031886701e-01
7.348426854368443628e+02 1.668100537200059297e-01
7.301213923902544138e+02 1.291549665014882775e-01
7.265208326940713732e+02 1.000000000000000056e-01
7.201756799211418638e+02 7.742636826811277739e-02
7.157099339839310232e+02 5.994842503189415361e-02
7.084917760616931446e+02 4.641588833612782239e-02
7.022266509858886820e+02 3.593813663804629188e-02
6.986191571740315567e+02 2.782559402207125665e-02
6.927500126642574969e+02 2.154434690031884272e-02
6.869323843399365614e+02 1.668100537200059227e-02
6.804780737036822984e+02 1.291549665014883955e-02
6.749997815955313172e+02 1.000000000000000021e-02
6.701831279206155614e+02 7.742636826811278086e-03
6.653304558870263463e+02 5.994842503189407902e-03
6.619768778340123845e+02 4.641588833612782412e-03
6.564500550271668544e+02 3.593813663804625805e-03
6.503923014797881024e+02 2.782559402207125665e-03
6.442920350575344628e+02 2.154434690031886875e-03
6.402456338640865852e+02 1.668100537200059011e-03
6.332856404473938028e+02 1.291549665014885516e-03
6.267929091666389922e+02 1.000000000000000021e-03
6.205472163539205894e+02 7.742636826811277436e-04
6.154301288402019736e+02 5.994842503189409854e-04
6.075938928576813396e+02 4.641588833612782738e-04
5.998398597299085395e+02 3.593813663804633286e-04
5.961871912612202777e+02 2.782559402207125773e-04
5.907919632867316295e+02 2.154434690031886929e-04
5.863165448226088756e+02 1.668100537200059119e-04
5.835531579566962819e+02 1.291549665014885462e-04
5.779406989214651276e+02 1.000000000000000048e-04
5.743058696291182059e+02 7.742636826811278249e-05
5.703234966165986179e+02 5.994842503189421780e-05
5.657741059069396670e+02 4.641588833612782467e-05
5.628747633295323567e+02 3.593813663804633015e-05
5.577418667479379337e+02 2.782559402207125977e-05
5.545042347894344630e+02 2.154434690031886725e-05
5.503770447586398404e+02 1.668100537200059254e-05
5.463965165480022961e+02 1.291549665014885394e-05
5.421118334833779500e+02 1.000000000000000082e-05
5.386117282083367854e+02 7.742636826811276894e-06
5.351581990018444230e+02 5.994842503189420594e-06
5.316080473797081822e+02 4.641588833612781958e-06
5.275734965232605873e+02 3.593813663804633354e-06
5.244637953813153217e+02 2.782559402207125977e-06
5.216798227633299803e+02 2.154434690031886471e-06
5.174565890938627035e+02 1.668100537200059127e-06
5.149546033636928541e+02 1.291549665014885436e-06
5.125762852265132778e+02 9.999999999999999547e-07
5.088279512890784986e+02 7.742636826811277952e-07
5.062002683628534783e+02 5.994842503189421865e-07
5.034832497244699425e+02 4.641588833612792123e-07
4.995970219958976486e+02 3.593813663804625943e-07
4.981421292129057292e+02 2.782559402207125871e-07
4.963289588298604826e+02 2.154434690031886418e-07
4.933575617194873075e+02 1.668100537200062516e-07
4.901822805057412893e+02 1.291549665014882948e-07
4.880122442877933508e+02 1.000000000000000087e-07
4.855840650668588410e+02 7.742636826811278747e-08
4.826956653979787575e+02 5.994842503189421335e-08
4.804399854634150984e+02 4.641588833612791329e-08
4.770201542279156115e+02 3.593813663804625943e-08
4.747816719149296887e+02 2.782559402207126334e-08
4.733392142490788501e+02 2.154434690031887213e-08
4.720496918676584528e+02 1.668100537200062516e-08
4.705474523895042580e+02 1.291549665014887977e-08
4.693443951466630324e+02 1.000000000000000021e-08
4.685185178254465086e+02 7.742636826811278085e-09
4.678568460369896798e+02 5.994842503189421004e-09
4.671356065900851604e+02 4.641588833612791825e-09
4.662239411545426151e+02 3.593813663804626108e-09
4.656966818538323878e+02 2.782559402207126086e-09
4.653096817446906925e+02 2.154434690031886964e-09
4.650986067819196137e+02 1.668100537200062474e-09
4.649747743019678978e+02 1.291549665014888019e-09
4.648880881233428681e+02 1.000000000000000062e-09
