2.134139624830076627e+03 1.000000000000000142e+02
2.133573790288955479e+03 7.742636826811278183e+01
2.131728161188848844e+03 5.994842503189409655e+01
2.110904460624282819e+03 4.641588833612782139e+01
2.109048546528198131e+03 3.593813663804625946e+01
2.105454220371710562e+03 2.782559402207126098e+01
2.079455795525148005e+03 2.154434690031882482e+01
2.066221865760144738e+03 1.668100537200059108e+01
2.056510780738057292e+03 1.291549665014882642e+01
2.036914775198689313e+03 1.000000000000000000e+01
1.991280394073578236e+03 7.742636826811279072e+00
1.907588267530774601e+03 5.994842503189408589e+00
1.844172930873230143e+03 4.641588833612782850e+00
1.831061105543383519e+03 3.593813663804625858e+00
1.787816087771029970e+03 2.782559402207125832e+00
1.700694382274616146e+03 2.154434690031886923e+00
1.677333926382654454e+03 1.668100537200059241e+00
1.655623833951675124e+03 1.291549665014882775e+00
1.621423484149403293e+03 1.000000000000000000e+00
1.570314368603557796e+03 7.742636826811277739e-01
1.538006185005082216e+03 5.994842503189409255e-01
1.521838880556631466e+03 4.641588833612782516e-01
1.464938624159167603e+03 3.593813663804625858e-01
1.430322861889356091e+03 2.782559402207125943e-01
1.417482691743077794e+03 2.154434690031886701e-01
1.403145159211331929e+03 1.668100537200059297e-01
1.378872089335550072e+03 1.291549665014882775e-01
1.360761663224094491e+03 1.000000000000000056e-01
1.345289822606311645e+03 7.742636826811277739e-02
1.320175686277963905e+03 5.994842503189415361e-02
1.310112554875770684e+03 4.641588833612782239e-02
1.288457970529160548e+03 3.593813663804629188e-02
1.280198264488061568e+03 2.782559402207125665e-02
1.271588774673570242e+03 2.154434690031884272e-02
1.260847602997259628e+03 1.668100537200059227e-02
1.251967236064967437e+03 1.291549665014883955e-02
1.249252704952868726e+03 1.000000000000000021e-02
1.243186670090306279e+03 7.742636826811278086e-03
1.236717831278428321e+03 5.994842503189407902e-03
1.225525835613001846e+03 4.641588833612782412e-03
1.208503640573428811e+03 3.593813663804625805e-03
1.206093655429000364e+03 2.782559402207125665e-03
1.201085835292168440e+03 2.154434690031886875e-03
1.192003020528631168e+03 1.668100537200059011e-03
1.182845751099118161e+03 1.291549665014885516e-03
1.176940335592044676e+03 1.000000000000000021e-03
1.169949849114985227e+03 7.742636826811277436e-04
1.159842066926290272e+03 5.994842503189409854e-04
1.152877666228438102e+03 4.641588833612782738e-04
1.141738990371356294e+03 3.593813663804633286e-04
1.127461803027059204e+03 2.782559402207125773e-04
1.120982683055801090e+03 2.154434690031886929e-04
1.116309995763880352e+03 1.668100537200059119e-04
1.110080322497895395e+03 1.291549665014885462e-04
1.102877388931341102e+03 1.000000000000000048e-04
1.095478120168036412e+03 7.742636826811278249e-05
1.085650585656632984e+03 5.994842503189421780e-05
1.081682935603367014e+03 4.641588833612782467e-05
1.079764040870792769e+03 3.593813663804633015e-05
1.071753517496893210e+03 2.782559402207125977e-05
1.067180921237330267e+03 2.154434690031886725e-05
1.063781143413304790e+03 1.668100537200059254e-05
1.060420988169894144e+03 1.291549665014885394e-05
1.055344873256351320e+03 1.000000000000000082e-05
1.047010772722399452e+03 7.742636826811276894e-06
1.043063206571180217e+03 5.994842503189420594e-06
1.039236310202656341e+03 4.641588833612781958e-06
1.035530083616828279e+03 3.593813663804633354e-06
1.032438585212236148e+03 2.782559402207125977e-06
1.030115937829063114e+03 2.154434690031886471e-06
1.028208100721018354e+03 1.668100537200059127e-06
1.026364936057314026e+03 1.291549665014885436e-06
1.024586443837950128e+03 9.999999999999999547e-07
1.022872624062926775e+03 7.742636826811277952e-07
1.021093645301321317e+03 5.994842503189421865e-07
1.018115810850910520e+03 4.641588833612792123e-07
1.016944788054087894e+03 3.593813663804625943e-07
1.016115759501149000e+03 2.782559402207125871e-07
1.015317568482035426e+03 2.154434690031886418e-07
1.014552495061158652e+03 1.668100537200062516e-07
1.013822351267853037e+03 1.291549665014882948e-07
1.013128374133275543e+03 1.000000000000000087e-07
1.012471299151573362e+03 7.742636826811278747e-08
1.011851510255283415e+03 5.994842503189421335e-08
1.011090983168263847e+03 4.641588833612791329e-08
1.010303297702648138e+03 3.593813663804625943e-08
1.009569924776262496e+03 2.782559402207126334e-08
1.008890873086041097e+03 2.154434690031887213e-08
1.008061846707206655e+03 1.668100537200062516e-08
1.007149005895467099e+03 1.291549665014887977e-08
1.006323060943522819e+03 1.000000000000000021e-08
1.005583925287787338e+03 7.742636826811278085e-09
1.004931369586966753e+03 5.994842503189421004e-09
1.004364848767621424e+03 4.641588833612791825e-09
1.003883200565880884e+03 3.593813663804626108e-09
1.003484201267944513e+03 2.782559402207126086e-09
1.003164033011124843e+03 2.154434690031886964e-09
1.002916813236930693e+03 1.668100537200062474e-09
1.002766096481718250e+03 1.291549665014888019e-09
1.002698359224041042e+03 1.000000000000000062e-09
