3.520807008445226984e+03 1.000000000000000142e+02
3.520500961033554177e+03 7.742636826811278183e+01
3.519741567989049145e+03 5.994842503189409655e+01
3.518037960410109008e+03 4.641588833612782139e+01
3.514572930812947106e+03 3.593813663804625946e+01
3.508164911050233513e+03 2.782559402207126098e+01
3.501535333925781742e+03 2.154434690031882482e+01
3.492514997053976458e+03 1.668100537200059108e+01
3.479629089910443781e+03 1.291549665014882642e+01
3.462494402444423940e+03 1.000000000000000000e+01
3.429957712430459196e+03 7.742636826811279072e+00
3.309423527256964462e+03 5.994842503189408589e+00
3.175134282372474900e+03 4.641588833612782850e+00
3.058516834717792790e+03 3.593813663804625858e+00
2.966847263319896228e+03 2.782559402207125832e+00
2.905318690283274009e+03 2.154434690031886923e+00
2.841026268040118339e+03 1.668100537200059241e+00
2.782692650406245320e+03 1.291549665014882775e+00
2.720836228465690056e+03 1.000000000000000000e+00
2.652130919886252286e+03 7.742636826811277739e-01
2.577862460318349804e+03 5.994842503189409255e-01
2.499724552246717849e+03 4.641588833612782516e-01
2.419428144013846577e+03 3.593813663804625858e-01
2.323910249364524589e+03 2.782559402207125943e-01
2.200605931564880393e+03 2.154434690031886701e-01
2.166798204042544512e+03 1.668100537200059297e-01
2.099348002495601122e+03 1.291549665014882775e-01
2.022262760404036044e+03 1.000000000000000056e-01
1.946688365699497353e+03 7.742636826811277739e-02
1.872651372392527719e+03 5.994842503189415361e-02
1.800160691650555918e+03 4.641588833612782239e-02
1.729219607766436866e+03 3.593813663804629188e-02
1.659828669605742334e+03 2.782559402207125665e-02
1.604883174376758234e+03 2.154434690031884272e-02
1.563522154193423830e+03 1.668100537200059227e-02
1.537081852427389094e+03 1.291549665014883955e-02
1.512709571900654510e+03 1.000000000000000021e-02
1.469919347866569069e+03 7.742636826811278086e-03
1.448494566847818533e+03 5.994842503189407902e-03
1.435346978716631838e+03 4.641588833612782412e-03
1.419458907134179753e+03 3.593813663804625805e-03
1.397207822119080447e+03 2.782559402207125665e-03
1.376838471368361297e+03 2.154434690031886875e-03
1.357294487331004802e+03 1.668100537200059011e-03
1.338236318027872585e+03 1.291549665014885516e-03
1.320332155760177557e+03 1.000000000000000021e-03
1.309519564705812854e+03 7.742636826811277436e-04
1.300506689264319903e+03 5.994842503189409854e-04
1.294546638891558359e+03 4.641588833612782738e-04
1.289160548518120095e+03 3.593813663804633286e-04
1.284425366154892799e+03 2.782559402207125773e-04
1.280370734135632119e+03 2.154434690031886929e-04
1.276966461056735170e+03 1.668100537200059119e-04
1.274128124433539142e+03 1.291549665014885462e-04
1.271738371459550990e+03 1.000000000000000048e-04
1.269674178686329242e+03 7.742636826811278249e-05
1.267829163739898377e+03 5.994842503189421780e-05
1.266124767047300793e+03 4.641588833612782467e-05
1.264510591188157150e+03 3.593813663804633015e-05
1.262958275623050895e+03 2.782559402207125977e-05
1.261453735945121707e+03 2.154434690031886725e-05
1.259990774664707487e+03 1.668100537200059254e-05
1.258566968808096817e+03 1.291549665014885394e-05
1.257181475043226328e+03 1.000000000000000082e-05
1.255833998884091443e+03 7.742636826811276894e-06
1.254524479799861410e+03 5.994842503189420594e-06
1.253252917790536912e+03 4.641588833612781958e-06
1.252019312856117267e+03 3.593813663804633354e-06
1.250823664996602929e+03 2.782559402207125977e-06
1.249665974211994126e+03 2.154434690031886471e-06
1.248546240502290175e+03 1.668100537200059127e-06
1.247464463867491759e+03 1.291549665014885436e-06
1.246420644307598423e+03 9.999999999999999547e-07
1.245414781822609939e+03 7.742636826811277952e-07
1.244446876412527217e+03 5.994842503189421865e-07
1.243516928077349348e+03 4.641588833612792123e-07
1.242624936817076787e+03 3.593813663804625943e-07
1.241770902631709532e+03 2.782559402207125871e-07
1.240954825521247358e+03 2.154434690031886418e-07
1.240176705485690491e+03 1.668100537200062516e-07
1.239436542525038931e+03 1.291549665014882948e-07
1.238734336639292223e+03 1.000000000000000087e-07
1.238070087828451051e+03 7.742636826811278747e-08
1.237443796092514958e+03 5.994842503189421335e-08
1.236855461431484400e+03 4.641588833612791329e-08
1.236305083845358695e+03 3.593813663804625943e-08
1.235792663334138297e+03 2.782559402207126334e-08
1.235318199897822979e+03 2.154434690031887213e-08
1.234881692689755027e+03 1.668100537200062516e-08
1.234483137824911637e+03 1.291549665014887977e-08
1.234122522507918120e+03 1.000000000000000021e-08
1.233799808944299912e+03 7.742636826811278085e-09
1.233514897001495910e+03 5.994842503189421004e-09
1.233267548695327605e+03 4.641588833612791825e-09
1.233057256570481741e+03 3.593813663804626108e-09
1.232883049732644849e+03 2.782559402207126086e-09
1.232743261267139360e+03 2.154434690031886964e-09
1.232635322793723844e+03 1.668100537200062474e-09
1.232555682576019763e+03 1.291549665014888019e-09
1.232499932209554345e+03 1.000000000000000062e-09
