6.188322125647093799e+02 1.000000000000000142e+02
6.188012239821157436e+02 7.742636826811278183e+01
6.187310679913828153e+02 5.994842503189409655e+01
6.185868396075335340e+02 4.641588833612782139e+01
6.183165746993955736e+02 3.593813663804625946e+01
6.179703515887375715e+02 2.782559402207126098e+01
6.174997598901735500e+02 2.154434690031882482e+01
6.167933675422173110e+02 1.668100537200059108e+01
6.159577944694326561e+02 1.291549665014882642e+01
6.152283506243622924e+02 1.000000000000000000e+01
6.144883283452281830e+02 7.742636826811279072e+00
6.143631583123178643e+02 5.994842503189408589e+00
6.135160314533359269e+02 4.641588833612782850e+00
6.127432108782118121e+02 3.593813663804625858e+00
6.122718225990271321e+02 2.782559402207125832e+00
6.117220696189642695e+02 2.154434690031886923e+00
6.090688826777590066e+02 1.668100537200059241e+00
6.039035089444090545e+02 1.291549665014882775e+00
6.025167266952859109e+02 1.000000000000000000e+00
6.007013453559076197e+02 7.742636826811277739e-01
6.002609467252995046e+02 5.994842503189409255e-01
5.995008185344890990e+02 4.641588833612782516e-01
5.954700700782118474e+02 3.593813663804625858e-01
5.904437911056968460e+02 2.782559402207125943e-01
5.865125607367557450e+02 2.154434690031886701e-01
5.833807868836903481e+02 1.668100537200059297e-01
5.818881722313237788e+02 1.291549665014882775e-01
5.788033692748904286e+02 1.000000000000000056e-01
5.710083957155641201e+02 7.742636826811277739e-02
5.680814011201671292e+02 5.994842503189415361e-02
5.655093959642933896e+02 4.641588833612782239e-02
5.611391097684149827e+02 3.593813663804629188e-02
5.569591525719680476e+02 2.782559402207125665e-02
5.529648365531602394e+02 2.154434690031884272e-02
5.498038565745791857e+02 1.668100537200059227e-02
5.458048577988548686e+02 1.291549665014883955e-02
5.424380999976355042e+02 1.000000000000000021e-02
5.391443473948482961e+02 7.742636826811278086e-03
5.350474021341219668e+02 5.994842503189407902e-03
5.317407182995855237e+02 4.641588833612782412e-03
5.284984887360114953e+02 3.593813663804625805e-03
5.245600763720623263e+02 2.782559402207125665e-03
5.204610386958617028e+02 2.154434690031886875e-03
5.175082926668344498e+02 1.668100537200059011e-03
5.146704540560584746e+02 1.291549665014885516e-03
5.104547769988025721e+02 1.000000000000000021e-03
5.064228442024098058e+02 7.742636826811277436e-04
4.997802163361533871e+02 5.994842503189409854e-04
4.959243808152231168e+02 4.641588833612782738e-04
4.935072210291697274e+02 3.593813663804633286e-04
4.893860607628843127e+02 2.782559402207125773e-04
4.828362848894914805e+02 2.154434690031886929e-04
4.774863931808704933e+02 1.668100537200059119e-04
4.731859349293966375e+02 1.291549665014885462e-04
4.695937979416984831e+02 1.000000000000000048e-04
4.666588332574658580e+02 7.742636826811278249e-05
4.625363597082613865e+02 5.994842503189421780e-05
4.596676421730323909e+02 4.641588833612782467e-05
4.536880124933391016e+02 3.593813663804633015e-05
4.495026752520118976e+02 2.782559402207125977e-05
4.464622747893092765e+02 2.154434690031886725e-05
4.415345637754378458e+02 1.668100537200059254e-05
4.362843233102028648e+02 1.291549665014885394e-05
4.349708801566038687e+02 1.000000000000000082e-05
4.326285340708375315e+02 7.742636826811276894e-06
4.296387007917969640e+02 5.994842503189420594e-06
4.280165813131777099e+02 4.641588833612781958e-06
4.256071501971929365e+02 3.593813663804633354e-06
4.222032668683769998e+02 2.782559402207125977e-06
4.175416384171597883e+02 2.154434690031886471e-06
4.118197419763667995e+02 1.668100537200059127e-06
4.077986928901928536e+02 1.291549665014885436e-06
4.050919865933543065e+02 9.999999999999999547e-07
4.029244995481085425e+02 7.742636826811277952e-07
4.004882385920046772e+02 5.994842503189421865e-07
3.959358507394346134e+02 4.641588833612792123e-07
3.915662627902928534e+02 3.593813663804625943e-07
3.885459450910720989e+02 2.782559402207125871e-07
3.860511752064819007e+02 2.154434690031886418e-07
3.837100857019390787e+02 1.668100537200062516e-07
3.808252440100966396e+02 1.291549665014882948e-07
3.780883429178359165e+02 1.000000000000000087e-07
3.746091555770175887e+02 7.742636826811278747e-08
3.695521064441655312e+02 5.994842503189421335e-08
3.661019244364073870e+02 4.641588833612791329e-08
3.649189313916927517e+02 3.593813663804625943e-08
3.620140637714848140e+02 2.782559402207126334e-08
3.613810572727578005e+02 2.154434690031887213e-08
3.607986901643582769e+02 1.668100537200062516e-08
3.597937916051159277e+02 1.291549665014887977e-08
3.591301964137321647e+02 1.000000000000000021e-08
3.586647096968583242e+02 7.742636826811278085e-09
3.571892855793651620e+02 5.994842503189421004e-09
3.554292380803249216e+02 4.641588833612791825e-09
3.546015918920993499e+02 3.593813663804626108e-09
3.542688187868016030e+02 2.782559402207126086e-09
3.539993897050802616e+02 2.154434690031886964e-09
3.537900465953777029e+02 1.668100537200062474e-09
3.536349709557638334e+02 1.291549665014888019e-09
3.535261573908528021e+02 1.000000000000000062e-09
