1.268589695842375022e+03 1.000000000000000142e+02
1.266599966595895921e+03 7.742636826811278183e+01
1.265670469051789496e+03 5.994842503189409655e+01
1.263909143681034038e+03 4.641588833612782139e+01
1.262411418218565586e+03 3.593813663804625946e+01
1.258784641362435650e+03 2.782559402207126098e+01
1.257258472536499539e+03 2.154434690031882482e+01
1.252495379163348161e+03 1.668100537200059108e+01
1.248157672389528670e+03 1.291549665014882642e+01
1.245040844599814818e+03 1.000000000000000000e+01
1.237169094409450054e+03 7.742636826811279072e+00
1.230645172934685206e+03 5.994842503189408589e+00
1.225328242177481798e+03 4.641588833612782850e+00
1.218711772788253711e+03 3.593813663804625858e+00
1.208346915093579582e+03 2.782559402207125832e+00
1.198513599399823306e+03 2.154434690031886923e+00
1.187799029630318955e+03 1.668100537200059241e+00
1.181669193723542321e+03 1.291549665014882775e+00
1.173143342785809182e+03 1.000000000000000000e+00
1.164872714671748781e+03 7.742636826811277739e-01
1.156130829684757600e+03 5.994842503189409255e-01
1.152926852353604545e+03 4.641588833612782516e-01
1.139965530915644877e+03 3.593813663804625858e-01
1.129638230069989731e+03 2.782559402207125943e-01
1.111409382217540724e+03 2.154434690031886701e-01
1.102043514027132233e+03 1.668100537200059297e-01
1.092400801510446854e+03 1.291549665014882775e-01
1.083897959132304095e+03 1.000000000000000056e-01
1.076480273214927365e+03 7.742636826811277739e-02
1.070161177189331966e+03 5.994842503189415361e-02
1.066152278508330255e+03 4.641588833612782239e-02
1.052866678059690685e+03 3.593813663804629188e-02
1.045129308140726380e+03 2.782559402207125665e-02
1.039874784189160891e+03 2.154434690031884272e-02
1.036315024594044189e+03 1.668100537200059227e-02
1.028760225309398948e+03 1.291549665014883955e-02
1.020641904591729713e+03 1.000000000000000021e-02
1.010930705153865233e+03 7.742636826811278086e-03
1.003036374166583755e+03 5.994842503189407902e-03
9.948533119338828783e+02 4.641588833612782412e-03
9.857181362247357583e+02 3.593813663804625805e-03
9.790127939653898466e+02 2.782559402207125665e-03
9.742912486677823836e+02 2.154434690031886875e-03
9.666530835610179793e+02 1.668100537200059011e-03
9.609852202477204628e+02 1.291549665014885516e-03
9.508097393771087127e+02 1.000000000000000021e-03
9.481534182868858807e+02 7.742636826811277436e-04
9.395407361815729246e+02 5.994842503189409854e-04
9.341127717857084463e+02 4.641588833612782738e-04
9.295305152147840317e+02 3.593813663804633286e-04
9.233016638866250787e+02 2.782559402207125773e-04
9.198607551775928641e+02 2.154434690031886929e-04
9.155528195911795137e+02 1.668100537200059119e-04
9.125492744012461799e+02 1.291549665014885462e-04
9.094656517707609282e+02 1.000000000000000048e-04
9.055738330346717930e+02 7.742636826811278249e-05
9.029339015118263205e+02 5.994842503189421780e-05
8.991954985287073896e+02 4.641588833612782467e-05
8.954368862082675378e+02 3.593813663804633015e-05
8.931252557807300718e+02 2.782559402207125977e-05
8.891881379226193758e+02 2.154434690031886725e-05
8.841992864536705383e+02 1.668100537200059254e-05
8.780561914888837691e+02 1.291549665014885394e-05
8.762781524281698466e+02 1.000000000000000082e-05
8.744722401773892670e+02 7.742636826811276894e-06
8.727547006415207989e+02 5.994842503189420594e-06
8.706474580651337192e+02 4.641588833612781958e-06
8.674288473889231454e+02 3.593813663804633354e-06
8.639090953869723535e+02 2.782559402207125977e-06
8.602315286628947888e+02 2.154434690031886471e-06
8.569614069692088378e+02 1.668100537200059127e-06
8.553245059621899600e+02 1.291549665014885436e-06
8.526550269230593813e+02 9.999999999999999547e-07
8.502845165496515847e+02 7.742636826811277952e-07
8.445698924799148699e+02 5.994842503189421865e-07
8.414888760541286956e+02 4.641588833612792123e-07
8.395959898970767199e+02 3.593813663804625943e-07
8.376830081950130307e+02 2.782559402207125871e-07
8.353765070024313673e+02 2.154434690031886418e-07
8.333484480728915287e+02 1.668100537200062516e-07
8.320031704079469819e+02 1.291549665014882948e-07
8.294138033747346981e+02 1.000000000000000087e-07
8.280450834593783611e+02 7.742636826811278747e-08
8.269935566815631773e+02 5.994842503189421335e-08
8.249634447514596332e+02 4.641588833612791329e-08
8.239923905168689089e+02 3.593813663804625943e-08
8.230883055398362558e+02 2.782559402207126334e-08
8.222511898203615601e+02 2.154434690031887213e-08
8.214810418646505923e+02 1.668100537200062516e-08
8.207778548181952374e+02 1.291549665014887977e-08
8.201166683969732958e+02 1.000000000000000021e-08
8.192472483376401442e+02 7.742636826811278085e-09
8.188954963649462115e+02 5.994842503189421004e-09
8.185049300136831789e+02 4.641588833612791825e-09
8.181314733993476693e+02 3.593813663804626108e-09
8.178068271951723318e+02 2.782559402207126086e-09
8.174802159283525498e+02 2.154434690031886964e-09
8.170519270419437134e+02 1.668100537200062474e-09
8.169389521067665783e+02 1.291549665014888019e-09
8.168598665113336210e+02 1.000000000000000062e-09
