9.774980942829979540e+02 1.000000000000000142e+02
9.768673319850812504e+02 7.742636826811278183e+01
9.763430133056300519e+02 5.994842503189409655e+01
9.753564051665364332e+02 4.641588833612782139e+01
9.753537216375968910e+02 3.593813663804625946e+01
9.746662920664006151e+02 2.782559402207126098e+01
9.730768014142297488e+02 2.154434690031882482e+01
9.724621084265088484e+02 1.668100537200059108e+01
9.689250757485458507e+02 1.291549665014882642e+01
9.661881152318485420e+02 1.000000000000000000e+01
9.633901301382833253e+02 7.742636826811279072e+00
9.601894172529764546e+02 5.994842503189408589e+00
9.570756564550562189e+02 4.641588833612782850e+00
9.537915558349881167e+02 3.593813663804625858e+00
9.503330498550805032e+02 2.782559402207125832e+00
9.466377753948523832e+02 2.154434690031886923e+00
9.421343803596793123e+02 1.668100537200059241e+00
9.390654728040318560e+02 1.291549665014882775e+00
9.342048931629989283e+02 1.000000000000000000e+00
9.278073534113495953e+02 7.742636826811277739e-01
9.211785957569380798e+02 5.994842503189409255e-01
9.169854867092634549e+02 4.641588833612782516e-01
9.117096928652537144e+02 3.593813663804625858e-01
9.064218705202846422e+02 2.782559402207125943e-01
8.999836899371870231e+02 2.154434690031886701e-01
8.943812833556136184e+02 1.668100537200059297e-01
8.882947444781789272e+02 1.291549665014882775e-01
8.836241510249263911e+02 1.000000000000000056e-01
8.785443445259061264e+02 7.742636826811277739e-02
8.710154910670632944e+02 5.994842503189415361e-02
8.680159650540440452e+02 4.641588833612782239e-02
8.626831059942861657e+02 3.593813663804629188e-02
8.568217569449228677e+02 2.782559402207125665e-02
8.520636819094416978e+02 2.154434690031884272e-02
8.457080566622730657e+02 1.668100537200059227e-02
8.405959988085903660e+02 1.291549665014883955e-02
8.364395978794516395e+02 1.000000000000000021e-02
8.316803945994965943e+02 7.742636826811278086e-03
8.274169676605755512e+02 5.994842503189407902e-03
8.213981506454925920e+02 4.641588833612782412e-03
8.169029778457339717e+02 3.593813663804625805e-03
8.091704404499541852e+02 2.782559402207125665e-03
8.050815364766721132e+02 2.154434690031886875e-03
8.002574305962743892e+02 1.668100537200059011e-03
7.949849449716966774e+02 1.291549665014885516e-03
7.906314901370275265e+02 1.000000000000000021e-03
7.860143106584995394e+02 7.742636826811277436e-04
7.821123515433724833e+02 5.994842503189409854e-04
7.769964916189633186e+02 4.641588833612782738e-04
7.735100802632052819e+02 3.593813663804633286e-04
7.685737588318921780e+02 2.782559402207125773e-04
7.649114751211559451e+02 2.154434690031886929e-04
7.591828006131792108e+02 1.668100537200059119e-04
7.541832253155608896e+02 1.291549665014885462e-04
7.479889003315699938e+02 1.000000000000000048e-04
7.443180277950777963e+02 7.742636826811278249e-05
7.415182930489610271e+02 5.994842503189421780e-05
7.364984251138406535e+02 4.641588833612782467e-05
7.305783851687048127e+02 3.593813663804633015e-05
7.271582685065501437e+02 2.782559402207125977e-05
7.238928580693583399e+02 2.154434690031886725e-05
7.213590656892466768e+02 1.668100537200059254e-05
7.191665653016872284e+02 1.291549665014885394e-05
7.172796070408564901e+02 1.000000000000000082e-05
7.142213005937350090e+02 7.742636826811276894e-06
7.115390114163626549e+02 5.994842503189420594e-06
7.088250883524467554e+02 4.641588833612781958e-06
7.051915329682283300e+02 3.593813663804633354e-06
7.031650582274243106e+02 2.782559402207125977e-06
7.009684732258559734e+02 2.154434690031886471e-06
6.988683937555211969e+02 1.668100537200059127e-06
6.952411130021954477e+02 1.291549665014885436e-06
6.925819331204602349e+02 9.999999999999999547e-07
6.907230152441093196e+02 7.742636826811277952e-07
6.888857132812370310e+02 5.994842503189421865e-07
6.872108639003869257e+02 4.641588833612792123e-07
6.847653389750435053e+02 3.593813663804625943e-07
6.815974598615392779e+02 2.782559402207125871e-07
6.796561749630918712e+02 2.154434690031886418e-07
6.775339887348209231e+02 1.668100537200062516e-07
6.758927931663994286e+02 1.291549665014882948e-07
6.743740741928980924e+02 1.000000000000000087e-07
6.727939585778825631e+02 7.742636826811278747e-08
6.713041352837253726e+02 5.994842503189421335e-08
6.697502936692061439e+02 4.641588833612791329e-08
6.680426538769412446e+02 3.593813663804625943e-08
6.665182116986102301e+02 2.782559402207126334e-08
6.654858348086893329e+02 2.154434690031887213e-08
6.643509610425032861e+02 1.668100537200062516e-08
6.633125704627250343e+02 1.291549665014887977e-08
6.623532238887690937e+02 1.000000000000000021e-08
6.619616532841071148e+02 7.742636826811278085e-09
6.610035882054022522e+02 5.994842503189421004e-09
6.602763522653708606e+02 4.641588833612791825e-09
6.595851080346507160e+02 3.593813663804626108e-09
6.589060323897938360e+02 2.782559402207126086e-09
6.584863994929123692e+02 2.154434690031886964e-09
6.583894175788315124e+02 1.668100537200062474e-09
6.581833369168373338e+02 1.291549665014888019e-09
6.574126020383849891e+02 1.000000000000000062e-09
