7.753397319283774323e+02 1.000000000000000142e+02
7.743582192409824074e+02 7.742636826811278183e+01
7.743272702533633947e+02 5.994842503189409655e+01
7.743222621361527445e+02 4.641588833612782139e+01
7.741423853845875556e+02 3.593813663804625946e+01
7.729430847151821808e+02 2.782559402207126098e+01
7.723958748003664141e+02 2.154434690031882482e+01
7.723958748003664141e+02 1.668100537200059108e+01
7.716571117837697784e+02 1.291549665014882642e+01
7.713694946807653423e+02 1.000000000000000000e+01
7.705335177882921016e+02 7.742636826811279072e+00
7.696680526582407538e+02 5.994842503189408589e+00
7.676212394417210589e+02 4.641588833612782850e+00
7.659880194714080517e+02 3.593813663804625858e+00
7.635708279733776180e+02 2.782559402207125832e+00
7.616956132354563351e+02 2.154434690031886923e+00
7.593067097278767505e+02 1.668100537200059241e+00
7.569899142867886894e+02 1.291549665014882775e+00
7.529514751298630699e+02 1.000000000000000000e+00
7.478766313488521291e+02 7.742636826811277739e-01
7.465481153003081545e+02 5.994842503189409255e-01
7.439822853167951280e+02 4.641588833612782516e-01
7.405543447088642779e+02 3.593813663804625858e-01
7.376542548800534860e+02 2.782559402207125943e-01
7.332524344844035795e+02 2.154434690031886701e-01
7.285802522528002783e+02 1.668100537200059297e-01
7.242502764590551578e+02 1.291549665014882775e-01
7.205134301488840265e+02 1.000000000000000056e-01
7.154283987884826956e+02 7.742636826811277739e-02
7.100932221851478516e+02 5.994842503189415361e-02
7.026142085382766709e+02 4.641588833612782239e-02
6.966214879367962567e+02 3.593813663804629188e-02
6.914462547462854900e+02 2.782559402207125665e-02
6.866430732163166795e+02 2.154434690031884272e-02
6.830022274494227759e+02 1.668100537200059227e-02
6.784294333499476579e+02 1.291549665014883955e-02
6.732296181457440980e+02 1.000000000000000021e-02
6.688020056859213582e+02 7.742636826811278086e-03
6.652458652928728497e+02 5.994842503189407902e-03
6.597069944694648029e+02 4.641588833612782412e-03
6.525770210416657164e+02 3.593813663804625805e-03
6.493005287673146313e+02 2.782559402207125665e-03
6.445833928812414797e+02 2.154434690031886875e-03
6.388085209430727218e+02 1.668100537200059011e-03
6.348357966737687548e+02 1.291549665014885516e-03
6.302251138400343962e+02 1.000000000000000021e-03
6.260518423755426056e+02 7.742636826811277436e-04
6.211163987133136288e+02 5.994842503189409854e-04
6.172804595517603730e+02 4.641588833612782738e-04
6.118127488114728294e+02 3.593813663804633286e-04
6.082114361208056152e+02 2.782559402207125773e-04
6.043807123417988123e+02 2.154434690031886929e-04
5.995308324152465502e+02 1.668100537200059119e-04
5.969297899014752602e+02 1.291549665014885462e-04
5.935022075610529555e+02 1.000000000000000048e-04
5.873005905906015869e+02 7.742636826811278249e-05
5.837965400272089482e+02 5.994842503189421780e-05
5.801827500340222059e+02 4.641588833612782467e-05
5.785395182843002431e+02 3.593813663804633015e-05
5.745796500311892032e+02 2.782559402207125977e-05
5.709692836779053096e+02 2.154434690031886725e-05
5.674849640095142149e+02 1.668100537200059254e-05
5.630251083438934074e+02 1.291549665014885394e-05
5.594175911003267174e+02 1.000000000000000082e-05
5.551996897865707297e+02 7.742636826811276894e-06
5.523894712771181048e+02 5.994842503189420594e-06
5.483109623164112918e+02 4.641588833612781958e-06
5.439141054524418450e+02 3.593813663804633354e-06
5.395027236994384339e+02 2.782559402207125977e-06
5.368429217561985070e+02 2.154434690031886471e-06
5.321550196932861354e+02 1.668100537200059127e-06
5.279442747118978332e+02 1.291549665014885436e-06
5.258243378965152033e+02 9.999999999999999547e-07
5.233322660264644810e+02 7.742636826811277952e-07
5.207652584355073486e+02 5.994842503189421865e-07
5.185047484469672554e+02 4.641588833612792123e-07
5.148861476657436924e+02 3.593813663804625943e-07
5.114509274614114815e+02 2.782559402207125871e-07
5.093629871764399013e+02 2.154434690031886418e-07
5.069637274369110855e+02 1.668100537200062516e-07
5.056905864726992945e+02 1.291549665014882948e-07
5.042790603242829093e+02 1.000000000000000087e-07
5.021827972766018320e+02 7.742636826811278747e-08
4.997266642955329417e+02 5.994842503189421335e-08
4.975901544638560949e+02 4.641588833612791329e-08
4.951646948997491222e+02 3.593813663804625943e-08
4.931333176474342395e+02 2.782559402207126334e-08
4.904956094551670844e+02 2.154434690031887213e-08
4.898560935480124954e+02 1.668100537200062516e-08
4.889971798985399687e+02 1.291549665014887977e-08
4.867707622743999423e+02 1.000000000000000021e-08
4.849824664244840164e+02 7.742636826811278085e-09
4.841530718701985165e+02 5.994842503189421004e-09
4.837191546256073025e+02 4.641588833612791825e-09
4.833502441576688398e+02 3.593813663804626108e-09
4.830319225395165859e+02 2.782559402207126086e-09
4.825094902638300596e+02 2.154434690031886964e-09
4.821060911557798931e+02 1.668100537200062474e-09
4.818084512895660509e+02 1.291549665014888019e-09
4.815000031572131434e+02 1.000000000000000062e-09
