4.650778707872307791e+02 1.000000000000000142e+02
4.650476945545458989e+02 7.742636826811278183e+01
4.649828670320927131e+02 5.994842503189409655e+01
4.648563692381503643e+02 4.641588833612782139e+01
4.646315613173102292e+02 3.593813663804625946e+01
4.642664867286877666e+02 2.782559402207126098e+01
4.637224995374750165e+02 2.154434690031882482e+01
4.629748816773602584e+02 1.668100537200059108e+01
4.620211303671939618e+02 1.291549665014882642e+01
4.608829186563808662e+02 1.000000000000000000e+01
4.596006243777207487e+02 7.742636826811279072e+00
4.582230011584208569e+02 5.994842503189408589e+00
4.567965652751881862e+02 4.641588833612782850e+00
4.553585024853923073e+02 3.593813663804625858e+00
4.539343603067286494e+02 2.782559402207125832e+00
4.525394248992436133e+02 2.154434690031886923e+00
4.511817245899023874e+02 1.668100537200059241e+00
4.498649789515472435e+02 1.291549665014882775e+00
4.485907133070174382e+02 1.000000000000000000e+00
4.473594826126119415e+02 7.742636826811277739e-01
4.460521282704356167e+02 5.994842503189409255e-01
4.446232551590059074e+02 4.641588833612782516e-01
4.431425690800036818e+02 3.593813663804625858e-01
4.416134740286286160e+02 2.782559402207125943e-01
4.400501667498429015e+02 2.154434690031886701e-01
4.384741074980657345e+02 1.668100537200059297e-01
4.369089074565805504e+02 1.291549665014882775e-01
4.353757402354185615e+02 1.000000000000000056e-01
4.338906856121058127e+02 7.742636826811277739e-02
4.324641967619015759e+02 5.994842503189415361e-02
4.311017998409053575e+02 4.641588833612782239e-02
4.295589247196631391e+02 3.593813663804629188e-02
4.272092648285738505e+02 2.782559402207125665e-02
4.249405717863691621e+02 2.154434690031884272e-02
4.227243738053312541e+02 1.668100537200059227e-02
4.205332332642038864e+02 1.291549665014883955e-02
4.183368763335215021e+02 1.000000000000000021e-02
4.161028701204465960e+02 7.742636826811278086e-03
4.138014076931743830e+02 5.994842503189407902e-03
4.114119942398812100e+02 4.641588833612782412e-03
4.089288780280270430e+02 3.593813663804625805e-03
4.063622260405297766e+02 2.782559402207125665e-03
4.037345967522999217e+02 2.154434690031886875e-03
4.010743373335333217e+02 1.668100537200059011e-03
3.984088568857424093e+02 1.291549665014885516e-03
3.957601533902746382e+02 1.000000000000000021e-03
3.931433373933952566e+02 7.742636826811277436e-04
3.905674305723573525e+02 5.994842503189409854e-04
3.880371561999494929e+02 4.641588833612782738e-04
3.855546947108549602e+02 3.593813663804633286e-04
3.831209368970658034e+02 2.782559402207125773e-04
3.807362056417614440e+02 2.154434690031886929e-04
3.784006088010810345e+02 1.668100537200059119e-04
3.761141824202043722e+02 1.291549665014885462e-04
3.738769264991315140e+02 1.000000000000000048e-04
3.716888410378624599e+02 7.742636826811278249e-05
3.695499260363971530e+02 5.994842503189421780e-05
3.674601814947356502e+02 4.641588833612782467e-05
3.654196074128779514e+02 3.593813663804633015e-05
3.634282037908241136e+02 2.782559402207125977e-05
3.614859706285740799e+02 2.154434690031886725e-05
3.595929079261277366e+02 1.668100537200059254e-05
3.577490156834853678e+02 1.291549665014885394e-05
3.559542939006466895e+02 1.000000000000000082e-05
3.542087425776117584e+02 7.742636826811276894e-06
3.525123617143807451e+02 5.994842503189420594e-06
3.508651513109534221e+02 4.641588833612781958e-06
3.489968486586182053e+02 3.593813663804633354e-06
3.471625580961469382e+02 2.782559402207125977e-06
3.453864989801033403e+02 2.154434690031886471e-06
3.436686713104873547e+02 1.668100537200059127e-06
3.420090750872990952e+02 1.291549665014885436e-06
3.404077103105384481e+02 9.999999999999999547e-07
3.388645769802054701e+02 7.742636826811277952e-07
3.373796750963001614e+02 5.994842503189421865e-07
3.355893192809475067e+02 4.641588833612792123e-07
3.338042704025899070e+02 3.593813663804625943e-07
3.320951810509708935e+02 2.782559402207125871e-07
3.304620512260905230e+02 2.154434690031886418e-07
3.289048809279488523e+02 1.668100537200062516e-07
3.274236701565457679e+02 1.291549665014882948e-07
3.260184189118812697e+02 1.000000000000000087e-07
3.246891271939553576e+02 7.742636826811278747e-08
3.234357950027681454e+02 5.994842503189421335e-08
3.222584223383195194e+02 4.641588833612791329e-08
3.211570092006094796e+02 3.593813663804625943e-08
3.201315555896381397e+02 2.782559402207126334e-08
3.191820615054053292e+02 2.154434690031887213e-08
3.183085252535830136e+02 1.668100537200062516e-08
3.175109390594814158e+02 1.291549665014887977e-08
3.167892773170540863e+02 1.000000000000000021e-08
3.161434643921703014e+02 7.742636826811278085e-09
3.155732999000012455e+02 5.994842503189421004e-09
3.150783075876834118e+02 4.641588833612791825e-09
3.146574719379385101e+02 3.593813663804626108e-09
3.143088500014544593e+02 2.782559402207126086e-09
3.140291059561129714e+02 2.154434690031886964e-09
3.138130999709835010e+02 1.668100537200062474e-09
3.136537243272789510e+02 1.291549665014888019e-09
3.135421569458938507e+02 1.000000000000000062e-09
