2.010032946499999973e-01 1.272293943399999989e+03
2.030301174399999908e-01 1.271704738000000134e+03
2.050773777700000133e-01 1.271312974400000030e+03
2.071452816999999891e-01 1.270964671100000032e+03
2.092340374099999900e-01 1.270667314900000065e+03
2.113438551500000095e-01 1.270118366300000162e+03
2.134749472999999953e-01 1.269391121999999996e+03
2.156275283899999895e-01 1.268722946300000103e+03
2.178018150899999894e-01 1.268427487799999881e+03
2.199980262700000078e-01 1.268099251699999968e+03
2.222163830199999912e-01 1.267547735500000044e+03
2.244571086300000129e-01 1.267057867399999850e+03
2.267204286700000015e-01 1.266440979199999902e+03
2.290065709699999896e-01 1.266058589500000153e+03
2.313157656500000048e-01 1.265619134099999883e+03
2.336482451599999899e-01 1.265238376600000038e+03
2.360042442999999990e-01 1.264865704899999855e+03
2.383840002300000038e-01 1.264437214999999924e+03
2.407877525000000074e-01 1.263936624899999970e+03
2.432157430799999909e-01 1.263570724300000165e+03
2.456682163799999985e-01 1.262956640500000049e+03
2.481454192599999997e-01 1.262544542600000113e+03
2.506476011000000059e-01 1.262271615099999963e+03
2.531750137600000117e-01 1.261712252600000056e+03
2.557279116599999735e-01 1.261267478499999925e+03
2.583065517900000052e-01 1.260876883299999918e+03
2.609111937099999889e-01 1.260353909200000089e+03
2.635420996200000254e-01 1.260006242100000009e+03
2.661995343399999880e-01 1.259666043700000046e+03
2.688837653899999736e-01 1.259016888200000039e+03
2.715950629700000230e-01 1.258726735800000142e+03
2.743336999900000128e-01 1.258322564899999861e+03
2.770999521499999951e-01 1.257927444300000161e+03
2.798940978900000265e-01 1.257419401999999991e+03
2.827164184900000099e-01 1.257212536199999931e+03
2.855671980400000254e-01 1.257011568000000125e+03
2.884467235100000027e-01 1.256694665499999928e+03
2.913552847599999995e-01 1.256327412299999878e+03
2.942931745799999832e-01 1.256015801300000021e+03
2.972606886999999976e-01 1.255828375099999903e+03
3.002581258400000008e-01 1.255471983299999920e+03
3.032857877299999783e-01 1.255283283399999846e+03
3.063439791299999992e-01 1.255091490700000122e+03
3.094330079100000019e-01 1.254832512499999893e+03
3.125531849900000103e-01 1.254665015399999902e+03
3.157048244799999792e-01 1.254400594400000045e+03
3.188882436200000114e-01 1.254196132399999897e+03
3.221037628599999758e-01 1.253995755599999939e+03
3.253517058900000092e-01 1.253801691500000061e+03
3.286323996500000177e-01 1.253648165999999947e+03
3.319461743800000142e-01 1.253407987800000001e+03
3.352933636600000100e-01 1.253218077600000015e+03
3.386743044300000172e-01 1.252945575299999973e+03
3.420893370099999942e-01 1.252640826999999945e+03
3.455388051800000193e-01 1.252394548900000018e+03
3.490230561700000123e-01 1.251913993200000050e+03
3.525424407000000149e-01 1.251726808899999924e+03
3.560973130599999759e-01 1.251440188399999897e+03
3.596880310800000258e-01 1.251039899599999899e+03
3.633149562099999841e-01 1.250833191400000032e+03
3.669784535499999722e-01 1.250586506599999893e+03
3.706788918800000276e-01 1.250368781899999931e+03
3.744166436899999950e-01 1.250207772200000136e+03
3.781920852299999747e-01 1.249735414400000082e+03
3.820055965499999928e-01 1.249565886900000123e+03
3.858575615300000039e-01 1.249260912299999973e+03
3.897483679100000042e-01 1.249054681300000084e+03
3.936784073599999823e-01 1.248817531800000097e+03
3.976480754799999739e-01 1.248559337400000004e+03
4.016577718700000132e-01 1.248331033599999955e+03
4.057079001500000226e-01 1.248041753400000061e+03
4.097988680199999845e-01 1.247865026899999975e+03
4.139310872899999993e-01 1.247477752799999962e+03
4.181049739200000115e-01 1.247329514000000017e+03
4.223209480599999788e-01 1.246992776599999843e+03
4.265794341099999887e-01 1.246658323699999983e+03
4.308808607199999807e-01 1.246546142799999870e+03
4.352256608999999776e-01 1.246247107099999994e+03
4.396142720099999734e-01 1.246156112399999984e+03
4.440471358099999932e-01 1.246112077600000021e+03
4.485246985199999870e-01 1.245669976700000007e+03
4.530474108700000002e-01 1.245450742199999922e+03
4.576157281300000101e-01 1.245373294099999839e+03
4.622301101599999851e-01 1.245115726499999937e+03
4.668910214499999989e-01 1.244985175099999879e+03
4.715989311700000131e-01 1.244768975300000193e+03
4.763543132499999944e-01 1.244556604700000207e+03
4.811576463600000242e-01 1.244262717599999860e+03
4.860094140299999754e-01 1.244092201200000090e+03
4.909101046400000112e-01 1.243977887799999962e+03
4.958602115199999827e-01 1.243889995100000078e+03
5.008602329500000394e-01 1.243930080200000020e+03
5.059106722499999709e-01 1.244043312700000115e+03
5.110120378000000407e-01 1.243682358199999953e+03
5.161648431299999951e-01 1.243015657700000020e+03
5.213696069200000061e-01 1.242661812199999986e+03
5.266268531100000150e-01 1.242363683299999821e+03
5.319371108999999542e-01 1.242238470000000007e+03
5.373009148399999768e-01 1.242065627800000129e+03
5.427188048500000139e-01 1.241973840300000120e+03
5.481913263200000053e-01 1.241898428799999920e+03
5.537190301300000117e-01 1.241479086499999994e+03
5.593024726999999974e-01 1.241262793800000054e+03
5.649422160899999490e-01 1.241126881299999923e+03
5.706388279999999869e-01 1.241494416400000091e+03
5.763928818700000400e-01 1.241001074799999969e+03
5.822049569099999600e-01 1.240575532900000098e+03
5.880756381899999718e-01 1.243147465099999863e+03
5.940055166600000103e-01 1.242999549200000047e+03
5.999951892399999487e-01 1.242283797499999991e+03
6.060452588700000476e-01 1.240911410100000012e+03
6.121563345499999587e-01 1.239910319800000025e+03
6.183290314499999552e-01 1.239605283599999893e+03
6.245639709300000453e-01 1.239804643100000021e+03
6.308617806099999781e-01 1.239838697099999990e+03
6.372230944400000263e-01 1.239509493199999952e+03
6.436485527699999931e-01 1.240943682599999875e+03
6.501388023999999932e-01 1.241889331999999968e+03
6.566944966700000164e-01 1.241108380200000056e+03
6.633162954700000391e-01 1.240293446799999856e+03
6.700048653800000364e-01 1.239350574599999845e+03
6.767608796899999835e-01 1.238759671199999957e+03
6.835850184799999729e-01 1.238759349100000009e+03
6.904779686699999974e-01 1.240955627499999991e+03
6.974404241399999593e-01 1.241807265800000096e+03
7.044730857300000038e-01 1.242497646799999984e+03
7.115766613799999751e-01 1.243314720099999931e+03
7.187518661499999739e-01 1.250548397999999906e+03
7.259994223200000318e-01 1.247857582000000093e+03
7.333200594400000050e-01 1.247334744999999884e+03
7.407145144200000253e-01 1.244996708800000079e+03
7.481835316099999522e-01 1.241802785099999937e+03
7.557278628600000436e-01 1.239764313000000129e+03
7.633482676099999642e-01 1.238324286499999971e+03
7.710455129400000107e-01 1.237515886099999989e+03
7.788203736700000102e-01 1.238039399300000014e+03
7.866736324399999924e-01 1.239780625799999825e+03
7.946060797899999750e-01 1.239838049200000114e+03
8.026185142099999670e-01 1.241658855599999924e+03
8.107117422599999790e-01 1.248221795900000188e+03
8.188865786100000266e-01 1.248009454900000037e+03
8.271438461800000308e-01 1.247518306700000039e+03
8.354843761500000410e-01 1.246551324399999885e+03
8.439090081100000251e-01 1.243912008900000046e+03
8.524185900999999843e-01 1.240873282300000028e+03
8.610139787099999609e-01 1.239138421200000039e+03
8.696960391900000475e-01 1.237280398200000036e+03
8.784656454799999459e-01 1.237520487499999945e+03
8.873236803699999786e-01 1.238647209100000055e+03
8.962710355199999812e-01 1.248662020700000085e+03
9.053086115899999786e-01 1.246486896299999898e+03
9.144373183399999716e-01 1.251854697999999871e+03
9.236580746800000519e-01 1.254797216299999945e+03
9.329718087899999679e-01 1.271740096699999867e+03
9.423794582200000214e-01 1.266742658499999834e+03
9.518819699699999637e-01 1.266238265500000125e+03
9.614803005800000024e-01 1.266501619699999992e+03
9.711754162500000342e-01 1.261973297700000103e+03
9.809682929099999837e-01 1.259329985100000158e+03
9.908599163400000354e-01 1.254990808999999899e+03
1.000851282299999978e+00 1.249808784600000081e+03
1.010943396400000083e+00 1.245028501999999889e+03
1.021137274700000042e+00 1.241476603300000079e+03
1.031433943299999934e+00 1.239748905899999954e+03
1.041834438600000023e+00 1.238352702399999998e+03
1.052339807699999907e+00 1.238697282399999949e+03
1.062951107900000025e+00 1.240002504300000055e+03
1.073669407499999950e+00 1.241296777400000110e+03
1.084495785499999920e+00 1.243937929000000167e+03
1.095431331499999938e+00 1.257605935900000077e+03
1.106477146400000056e+00 1.264576267999999800e+03
1.117634342199999908e+00 1.271594795700000077e+03
1.128904041800000035e+00 1.271307968899999878e+03
1.140287379899999953e+00 1.271660516799999868e+03
1.151785502100000080e+00 1.269219526200000018e+03
1.163399566000000052e+00 1.269511352900000020e+03
1.175130740700000009e+00 1.267757723400000032e+03
1.186980207099999962e+00 1.262376923699999907e+03
1.198949157900000007e+00 1.256120187199999918e+03
1.211038797899999908e+00 1.253443472600000177e+03
1.223250344200000006e+00 1.250226470000000063e+03
1.235585026100000094e+00 1.247416102499999852e+03
1.248044085000000081e+00 1.244195921300000009e+03
1.260628775300000060e+00 1.243572185499999932e+03
1.273340363600000025e+00 1.245285726699999941e+03
1.286180129699999952e+00 1.248690793700000086e+03
1.299149365899999964e+00 1.251611478600000055e+03
1.312249377799999950e+00 1.254343116100000088e+03
1.325481483999999988e+00 1.261673316500000055e+03
1.338847016599999940e+00 1.289221301199999971e+03
1.352347321000000102e+00 1.299872921000000133e+03
1.365983756099999891e+00 1.302817732800000158e+03
1.379757694600000084e+00 1.304365593199999921e+03
1.393670522999999939e+00 1.300801504799999975e+03
1.407723641800000092e+00 1.306047200200000134e+03
1.421918465699999912e+00 1.310528225999999904e+03
1.436256423499999935e+00 1.305353494100000034e+03
1.450738958599999906e+00 1.300696415200000047e+03
1.465367528700000088e+00 1.294375272600000017e+03
1.480143606499999986e+00 1.291548696899999868e+03
1.495068679300000092e+00 1.286606653999999935e+03
1.510144249499999924e+00 1.281179730000000063e+03
1.525371834700000040e+00 1.275419544699999960e+03
1.540752967600000023e+00 1.267435825400000112e+03
1.556289196800000108e+00 1.262475751499999888e+03
1.571982085899999992e+00 1.256432620799999995e+03
1.587833214800000059e+00 1.252554895900000020e+03
1.603844178999999981e+00 1.249219641400000000e+03
1.620016590299999892e+00 1.247131642600000077e+03
1.636352076499999919e+00 1.247003999999999905e+03
1.652852282100000014e+00 1.247367616799999951e+03
1.669518868099999942e+00 1.248637155600000142e+03
1.686353511999999943e+00 1.247534630899999911e+03
1.703357908599999915e+00 1.251029658899999959e+03
1.720533769600000040e+00 1.258159660799999983e+03
1.737882823799999921e+00 1.263876642199999878e+03
1.755406817799999963e+00 1.269563388999999916e+03
1.773107515500000009e+00 1.277555799100000058e+03
1.790986698700000046e+00 1.282541742600000134e+03
1.809046167300000008e+00 1.289056359400000019e+03
1.827287738999999966e+00 1.292273983000000044e+03
1.845713250099999980e+00 1.296809470900000179e+03
1.864324555400000083e+00 1.301242788600000040e+03
1.883123528400000080e+00 1.294542406699999901e+03
1.902112061399999998e+00 1.289041563100000076e+03
1.921292065899999901e+00 1.287894688200000019e+03
1.940665472500000099e+00 1.293877527399999963e+03
1.960234231500000091e+00 1.293376097100000152e+03
1.980000312600000090e+00 1.291060235100000000e+03
1.999965705599999977e+00 1.288128949400000010e+03
2.020132420199999945e+00 1.282339351099999931e+03
2.040502486499999879e+00 1.275485921899999994e+03
2.061077955000000017e+00 1.269398257199999989e+03
2.081860896899999869e+00 1.264253372499999841e+03
2.102853404100000212e+00 1.260108037500000137e+03
2.124057590000000051e+00 1.256760031500000196e+03
2.145475588900000119e+00 1.254903540499999963e+03
2.167109556799999837e+00 1.253735649100000046e+03
2.188961671599999992e+00 1.254622888000000103e+03
2.211034132700000043e+00 1.254937441399999898e+03
2.233329162199999995e+00 1.255439339600000039e+03
2.255849004299999905e+00 1.255272208200000023e+03
2.278595925899999930e+00 1.255887108200000057e+03
2.301572216799999904e+00 1.260237772299999961e+03
2.324780189799999786e+00 1.262331904699999996e+03
2.348222181100000139e+00 1.264712853900000027e+03
2.371900550499999927e+00 1.267495745300000181e+03
2.395817681400000065e+00 1.269678043200000047e+03
2.419975981399999920e+00 1.277181212899999991e+03
2.444377882299999971e+00 1.283306431100000054e+03
2.469025840600000077e+00 1.287898980499999880e+03
2.493922337199999895e+00 1.295536284700000124e+03
2.519069878499999859e+00 1.302444064199999957e+03
2.544470995799999802e+00 1.307035928899999817e+03
2.570128245899999886e+00 1.310834266900000102e+03
2.596044211799999779e+00 1.309526072999999997e+03
2.622221502099999935e+00 1.309805935300000101e+03
2.648662751799999882e+00 1.307763535600000068e+03
2.675370622700000034e+00 1.313769107399999939e+03
2.702347803299999907e+00 1.316609140700000125e+03
2.729597008999999908e+00 1.315217033599999922e+03
2.757120983000000081e+00 1.311996723000000202e+03
2.784922495700000056e+00 1.315501182000000199e+03
2.813004345900000036e+00 1.316955767500000093e+03
2.841369360199999861e+00 1.316262959800000090e+03
2.870020393999999975e+00 1.312747655399999985e+03
2.898960331400000090e+00 1.316507418599999937e+03
2.928192085500000097e+00 1.312088200199999847e+03
2.957718598900000107e+00 1.312833464900000081e+03
2.987542843800000014e+00 1.304875725400000192e+03
3.017667822399999977e+00 1.304042929199999890e+03
3.048096566999999979e+00 1.300504709399999911e+03
3.078832140899999903e+00 1.294838243700000021e+03
3.109877637799999928e+00 1.293175930099999960e+03
3.141236183000000182e+00 1.289303516700000046e+03
3.172910932999999822e+00 1.283818507000000182e+03
3.204905076300000211e+00 1.286964218000000074e+03
3.237221833500000034e+00 1.281652576599999975e+03
3.269864457699999782e+00 1.275311207599999989e+03
3.302836234699999984e+00 1.278168953600000123e+03
3.336140483699999937e+00 1.274780081899999914e+03
3.369780557099999907e+00 1.275483368500000097e+03
3.403759841199999858e+00 1.272806348900000103e+03
3.438081756499999919e+00 1.269487502000000177e+03
3.472749757799999948e+00 1.268127286599999934e+03
3.507767334900000034e+00 1.264724666800000023e+03
3.543138012800000070e+00 1.262599818299999924e+03
3.578865352099999786e+00 1.258362658499999952e+03
3.614952949000000082e+00 1.256898612699999831e+03
3.651404436300000000e+00 1.253562093499999946e+03
3.688223483299999828e+00 1.251879083799999989e+03
3.725413796299999802e+00 1.250650629299999991e+03
3.762979118900000142e+00 1.249726788799999895e+03
3.800923232600000201e+00 1.248976684800000157e+03
3.839249956799999808e+00 1.248887143500000093e+03
3.877963149799999787e+00 1.247499569600000086e+03
3.917066708400000152e+00 1.247395594099999926e+03
3.956564569000000198e+00 1.247848864800000001e+03
3.996460707399999812e+00 1.249119551799999954e+03
4.036759139699999999e+00 1.250346870399999943e+03
4.077463922499999782e+00 1.254442329299999983e+03
4.118579153199999787e+00 1.256961124199999858e+03
4.160108970599999623e+00 1.260400210300000026e+03
4.202057555099999675e+00 1.264254646599999887e+03
4.244429129500000286e+00 1.265927317000000130e+03
4.287227958899999969e+00 1.268945691799999850e+03
4.330458351599999922e+00 1.268875931300000047e+03
4.374124659199999599e+00 1.274776669300000094e+03
4.418231277400000323e+00 1.278433248700000149e+03
4.462782645999999964e+00 1.278109631699999909e+03
4.507783249700000106e+00 1.281331678499999953e+03
4.553237618399999853e+00 1.282736779300000080e+03
4.599150327500000301e+00 1.281435203000000001e+03
4.645525998800000167e+00 1.286583442099999957e+03
4.692369300600000237e+00 1.288269680699999981e+03
4.739684948299999867e+00 1.286003330900000037e+03
4.787477704699999670e+00 1.289175074699999868e+03
4.835752380899999814e+00 1.288324436600000126e+03
4.884513836100000006e+00 1.290024425299999848e+03
4.933766978999999608e+00 1.289276799800000163e+03
4.983516767500000277e+00 1.290174500300000091e+03
5.033768209399999805e+00 1.291195450899999969e+03
5.084526363300000185e+00 1.289724983699999939e+03
5.135796338499999614e+00 1.293315668899999991e+03
5.187583296099999686e+00 1.291930731400000013e+03
5.239892449100000071e+00 1.289345607400000063e+03
5.292729063000000345e+00 1.290429136400000061e+03
5.346098456400000032e+00 1.292093584299999975e+03
5.400006001799999567e+00 1.293577435900000182e+03
5.454457125500000281e+00 1.293959350200000017e+03
5.509457308800000064e+00 1.293834321300000056e+03
5.565012088099999588e+00 1.299139756600000055e+03
5.621127055699999708e+00 1.293339283900000055e+03
5.677807860199999723e+00 1.295604996399999891e+03
5.735060207400000110e+00 1.298595290699999850e+03
5.792889860299999860e+00 1.297946470699999963e+03
5.851302640300000135e+00 1.299779437700000017e+03
5.910304427299999830e+00 1.297658402499999966e+03
5.969901160600000090e+00 1.295382727400000022e+03
